chrominfo.basepair <-
	structure(list(chrom = c(1,2,3,4,5,6,7,8,9,10,11,12,13,14,15,
				16,17,18,19,20,21,22,23,24),
			length = c(246128000, 243616000, 199344000, 191732000, 181035000,
                   170915000, 158546000, 146309000, 136372000, 135037000, 134483000,
                   132078000, 113043000, 105311000, 100257000, 90042000, 81860000,
                   76115000, 63812000, 63742000, 46976000, 49397000, 153692000, 50287000),
			centromere = c(130772000, 93582000, 92435000, 50804000, 47175000,
                   60418000, 58878000, 45443000, 52508000, 39926000, 52264000, 34881000,
                   17000000, 18000000, 20000000, 41001000, 23668000, 15631000, 28712000, 
                   28334000, 14000000, 15000000, 59139000, 11473000)),
              .Names = c("chrom", "length", "centromere"),
              class = "data.frame",
              row.names = c("1", "2", "3", "4", "5", "6", "7", "8",
              "9", "10", "11", "12", "13", "14", "15", "16", "17",
              "18", "19", "20", "21", "22", "23", "24"))


